function y = gaussian_value(x)
   a1 =      0.6922/1.0359;
   b1 =       7.752;
   c1 =     148.8;
   a2 =       0.346/1.0359;
   b2 =      -13.57;
   c2 =       325.8; 

%    a1 =       2.836/4.1738;
%    b1 =       78.43-78.5;
%    c1 =       7.236;
%    a2 =       1.348/4.1738;
%    b2 =       80.28-78.5;
%    c2 =       20.98;

    %y =  a1*exp((-((x-b1)/c1)^2)) + a2*exp(-((x-b2)/c2)^2); 
    x = x*18;
    y=a1*exp(-((x-b1)/c1).^2) + a2*exp(-((x-b2)/c2).^2);
end